11
12
13
22
29
38
39
43
44
45
47
48
49
51
58
63
66
70
75
87
98
101
102
104
111
118
119
123
124
126
129
133
134
135
137
138
156
167
174
175
176
177
178
179
180
186
187
190
196
199
205
207
215
219
227
236
239
240
241
242
243
244
247
248
249
261
263
264
266
273
277
278
283
284
289
296
300
305
338
339
340
342
356
359
361
363
364
371
379
389
398
403
423
424
428
447
454
456
457
473
484
487
490
499
500
502
504
523
524
525
527
529
535
540
542
546
559
564
586
588
594
597
598
602
611
612
614
617
649
650
668
670
673
674
677
679
700
702
713
725
729
738
743
750
751
753
756
757
760
763
767
769
774
777
778
779
781
785
790
791
795
798
811
827
848
849
855
857
866
867
868
875
876
880
893
904
908
936
937
938
949
950
957
964
970
971
974
978
980
996
998
999
1000
1001
1005
1015
1018
1030
1032
1045
1048
1049
1057
1060
1068
1081
1088
1102
1110
1112
1122
1123
1127
1133
1135
1136
1140
1145
1146
1147
1174
1176
1178
1182
1194
1196
1531
1567
1639
1990
2149
2346
2526
2879
3226
3283
3301
3496
3520
3562
3614
3657
3767
3776
4156
4362
4650
4684
4837
5054
5146
5236
5237
5443
5558
5565
5570
5571
5610
5641
5798
5801
5810
5826
5862
5922
5942
5943
5950
5951
5960
5961
5962
6027
6058
6106
6115
6124
6137
6211
6212
6213
6228
6262
6267
6287
6288
6306
6318
6333
6338
6342
6344
6347
6348
6350
6351
6354
6360
6363
6371
6373
6378
6380
6385
6395
6406
6409
6412
6421
6422
6431
6556
6558
6567
6575
6579
6581
6587
6590
6654
6735
6895
6912
6919
6944
6947
6998
7044
7047
7219
7239
7245
7257
7271
7276
7284
7290
7298
7405
7408
7409
7410
7416
7419
7420
7422
7461
7462
7463
7472
7475
7500
7501
7505
7515
7518
7519
7612
7618
7680
7720
7768
7817
7835
7839
7843
7847
7855
7858
7895
7913
7933
7935
7937
7950
7955
7956
7961
7963
7964
7965
7966
7967
7970
7975
7991
8003
8027
8029
8037
8058
8066
8078
8082
8094
8111
8113
8119
8141
8252
8259
8299
8374
8405
8424
8449
8452
8846
8857
8871
8892
8900
8914
8988
9033
9084
9223
9231
9238
9250
9253
9256
9259
9260
9261
9262
9322
9788
9862
9864
9865
9958
9999
10006
10041
10110
10111
10132
10268
10325
10328
10401
10413
10422
10423
10434
10436
10442
10452
10484
10758
10784
10785
10787
10870
10935
10953
11163
11164
11173
11421
11505
11552
11568
11646
11979
12035
12057
12272
12298
12360
12511
12583
12584
12647
12753
13006
13017
13026
13387
13594
13597
13606
13842
14039
14463
14490
14855
14896
15070
15074
15600
15906
15970
16496
16682
16942
17174
17723
18170
18189
18407
18430
19928
20745
20827
21236
21919
22253
22311
22819
23327
23736
23737
24472
25701
25945
26049
26066
26173
26548
27365
28167
28643
31229
31242
31253
31260
31261
31268
31373
32819
32838
33032
36022
50591
57449
61020
61106
61503
61645
62317
62453
62481
65098
65550
66059
66308
67701
68152
68257
68340
69021
69206
69217
69248
69371
69435
69597
70278
71077
71080
71081
71082
71563
72924
73268
73509
73766
74563
75049
75283
75367
75818
76551
77731
77743
78168
78867
79014
79033
79038
79129
79803
80077
82062
82227
83887
84468
84815
90624
91435
91552
92135
92851
92886
93052
93556
94154
94168
94176
94206
94309
94318
94395
95155
95259
95609
96215
96266
97328
99288
99289
99456
99478
100714
102803
104745
104775
105034
105085
107541
107689
107812
111634
114781
115244
118372
119236
119389
119400
119412
122074
122356
122980
123991
124300
125409
128057
128843
129297
134490
135020
135538
135972
136090
136332
137843
139105
140011
140912
145692
145742
145815
146261
146262
149186
150833
150841
150865
151011
151138
151255
151261
151720
151809
152239
158980
159664
160128
160226
160419
160434
160438
160603
160663
160765
160766
161815
164533
164575
164657
165067
165271
166830
176951
188242
192730
192781
193083
193305
193545
200164
201434
222285
222656
225936
230280
241582
259994
287955
316542
321710
416793
430167
439162
439168
439194
439195
439196
439227
439230
439231
439235
439250
439255
439269
439276
439286
439314
439350
439352
439358
439368
439375
439391
439402
439407
439417
439430
439434
439436
439524
439575
439600
439649
439655
439665
439678
439685
439692
439700
439716
439722
439723
439742
439766
439771
439772
439778
439790
439791
439799
439801
439811
439823
439846
439881
439888
439896
439938
439939
439950
439954
439955
439963
440014
440020
440044
440046
440077
440109
440113
440156
440159
440162
440169
440171
440216
440223
440248
440279
440282
440312
440399
440570
440571
440575
440579
440599
440717
440726
440878
440917
440918
440968
440998
440999
441155
441474
441482
441696
442484
443044
443135
443233
444084
444234
444266
444305
444972
445258
445457
445528
445894
446094
446627
447315
447765
448301
449488
449619
517957
520883
521293
552016
597959
637090
637511
638121
638308
643731
643798
644111
644160
644176
656446
667490
699486
736316
736715
1549098
1549103
2723628
2723790
2723949
2724170
2724267
2734062
2761558
3013853
3014145
3014955
3017497
3032309
3037032
3081368
3081369
3262018
3316652
3386966
3401347
3416953
3527278
3593277
3606132
3693574
3748644
3806114
3815167
3857574
4186339
4188677
4220380
4298878
4359436
4368810
4377441
4398339
4409936
4418048
4519554
4525487
4534582
4584184
4609868
5086465
5128032
5188693
5231966
5231988
5237251
5242389
5249995
5249997
5256138
5256909
5259891
5260155
5280366
5280451
5280498
5280501
5280518
5280625
5280649
5280969
5288227
5288725
5289105
5289590
5311110
5315892
5324280
5324281
5360451
5360637
5364140
5365327
5371506
5374393
5376415
5379992
5383984
5459760
5459765
5459766
5459787
5459792
5459794
5459822
5459825
5459830
5459833
5459837
5459842
5459844
5459847
5459855
5459894
5459914
5459917
5459941
5459975
5459982
5459996
5460005
5460018
5460032
5460035
5460039
5460052
5460064
5460090
5460100
5460131
5460151
5460157
5460160
5460161
5460174
5460177
5460179
5460200
5460210
5460213
5460224
5460232
5460234
5460253
5460255
5460263
5460267
5460279
5460281
5460284
5460291
5460294
5460295
5460297
5460299
5460307
5460308
5460323
5460355
5460358
5460364
5460382
5460387
5460391
5460407
5460445
5460451
5460453
5460455
5460482
5460486
5460495
5460540
5460541
5460542
5460543
5460544
5460571
5460572
5460573
5460578
5460603
5460610
5460648
5460672
5460674
5460690
5460723
5460724
5460726
5460735
5460736
5460737
5460761
5460770
5460772
5460773
5460775
5460776
5460778
5460779
5460780
5460782
5460783
5460785
5460787
5460788
5460790
5460791
5460792
5460793
5460795
5460796
5460797
5460837
5460838
5460845
5460862
5460863
5460865
5460866
5460868
5460870
5460871
5460874
5460875
5460877
5460878
5460880
5460881
5460884
5460888
5460889
5460891
5460892
5460894
5460895
5460897
5460898
5460900
5460901
5460905
5460906
5460908
5460910
5460911
5460915
5460918
5460920
5460921
5460922
5460924
5460925
5460926
5460927
5460928
5460931
5460960
5460961
5460962
5460964
5460966
5460967
5460969
5460971
5460972
5460974
5460975
5460977
5460978
5460980
5460996
5460998
5461040
5461041
5461042
5461049
5461058
5461060
5461062
5461064
5461073
5461090
5461129
5461143
5462223
6323462
6326744
6326761
6326776
6326779
6326780
6326781
6326782
6419427
6419702
6419709
6419711
6419719
6419721
6419722
6419735
6419736