262
1128
1657
3080
4093
6263
6276
6400
6404
6405
6407
6410
6411
6514
6593
6597
7281
7287
7288
7289
7291
7294
7295
7301
7302
7303
7896
7897
7899
7900
7904
8063
8064
8065
8071
8073
8074
8075
8076
8080
8081
8256
8257
8258
8723
8823
8855
8856
8894
9244
9668
9755
9870
9959
9960
10004
10336
10337
10338
10339
10341
10342
10448
10450
10567
10793
10795
10797
10928
11124
11191
11251
11252
11254
11428
11429
11553
11667
11668
11729
11732
11734
11735
12018
12020
12021
12247
12248
12250
12251
12256
12257
12338
12340
12341
12417
12433
12524
12642
12661
12693
12988
12993
12995
13004
13130
13142
13143
13156
13181
13361
13385
13513
13528
13536
13557
13569
13570
13587
13588
13589
13852
13853
14217
14846
15145
15199
15289
15306
15394
15413
15655
16418
16866
16907
17303
17554
17774
18056
18064
18213
18303
18569
18635
19354
19499
20026
20429
20664
20766
20799
21158
21827
22172
22386
22615
23238
23352
23478
25975
27357
27596
27849
28258
28497
29837
30608
31275
31346
32261
32743
36744
37873
38679
39605
43582
44412
47350
51996
52291
53267
55101
60984
61141
61171
61175
61208
61252
61278
61936
62087
62325
62326
62352
62474
62754
65136
65564
65578
66119
66295
66329
66774
67511
67805
67985
67986
68035
68043
68295
68409
68410
68505
68535
68536
69219
69223
69364
69366
69404
69611
69612
69814
69815
69938
69952
69973
70203
70204
70205
70596
72822
73905
73947
74035
74116
74224
74306
74799
74945
75103
75269
75389
75551
75723
75795
76217
77048
77054
77342
77637
78130
78808
78968
78989
79027
79047
79059
79080
79104
79184
79346
79783
79931
80039
80421
80560
80608
80784
82633
83164
83238
83797
84351
84841
84944
85275
87209
87595
87714
88444
88625
88703
89164
89580
90142
90494
91548
91549
91595
91833
92107
92127
92166
92216
92270
92915
92981
93002
93058
93093
93560
94158
94292
94402
94558
94651
94853
95220
96623
97754
97758
97869
97980
97983
98230
98260
98735
99129
99338
100414
101392
102442
102618
102677
103687
103893
104466
105349
105836
107735
107915
110788
110861
111019
111089
111206
111368
111509
115190
117780
118388
118742
118915
118927
119427
119516
120037
121763
122526
122938
123140
123190
123219
123237
123336
123373
123401
123417
129655
131079
134915
136135
136353
136706
136710
136711
136718
136867
137541
137547
137642
137701
137720
137856
137898
138038
138199
138210
138227
138570
138655
138974
138979
139405
139525
139683
139768
140083
140366
140412
140571
140642
140765
141093
141167
141281
141344
141464
141585
141753
141827
141900
142180
143255
143739
143743
143744
143992
144015
145100
145670
145744
146358
147388
147592
147646
148036
148133
148646
148793
148904
149399
150516
150638
150784
151237
152927
154909
156184
159214
159639
160649
161333
161738
162049
163325
164603
164758
165337
165574
165788
167535
167605
168725
170565
173588
173840
175854
176076
177089
177112
177591
178730
179383
179870
182087
182420
183916
185235
185467
185568
185600
185647
186058
186148
186405
187807
190291
194110
196091
201326
202775
204174
204482
206243
208702
214676
219650
220010
220061
220164
221523
225161
228231
228396
228397
231273
231319
233706
234485
239505
242200
246748
248426
256876
265652
277300
280924
281478
283633
283800
287930
288000
301537
302703
305872
308052
308054
309270
313474
315652
316386
316552
317680
319101
325947
332272
357576
360182
360183
407833
410750
421949
428021
443607
444702
445446
445674
445887
446203
446973
447638
449065
449470
450622
450642
450643
450644
450648
450650
450657
451289
451293
451301
451324
499026
510370
517565
518996
519463
519946
520149
520309
520424
520498
520525
520540
520554
520732
521181
521190
521218
521297
521300
521791
521869
522369
522390
522584
524021
524034
524394
524551
524894
525291
525449
525482
527440
527443
529077
529079
529197
529308
529392
529393
529536
529863
529947
533445
533662
533975
534089
534094
535267
535500
535623
537387
538815
539473
540118
542152
542167
542686
542759
542762
542768
543199
543202
543230
543745
543996
545093
547064
547684
547687
547846
547895
548261
548390
549479
549876
551174
551188
551191
554174
555758
556673
556825
558206
568741
578377
578840
613431
635030
637497
637575
637920
637927
638124
638125
638126
641058
642232
642402
643131
643188
643510
643790
643792
643794
643795
657060
657332
1201472
1201473
1248527
2723602
2723641
2723795
2724540
2724851
2724854
2724896
2733159
2733227
2733588
2733589
2733893
2734441
2735085
2736890
2774453
2776190
2778914
2782420
2782423
2782523
2783335
2784235
2784482
2785278
2785281
2786939
3013861
3013868
3014029
3014169
3014274
3014524
3014716
3014917
3015958
3016005
3016424
3016540
3016547
3017616
3017849
3018657
3018997
3019042
3019670
3022709
3032390
3034155
3034172
3035274
3036625
3037031
3066265
3082497
3246063
3250780
3293489
3494771
3571630
3586754
3586755
3614264
3614512
3633702
3703445
3716971
3717105
3728235
3730851
3751254
3756161
3776998
3787054
3793685
3805091
3817906
3819775
3837036
3864148
3952192
4043730
4051541
4099580
4187293
4264689
4338048
4385537
4431608
4451502
4594279
4644996
4650299
4686860
4694097
4712995
4713079
4713083
4713084
4713213
4713217
4866759
4996740
5086053
5122880
5179950
5210736
5231668
5235093
5242170
5250139
5251020
5251262
5252232
5256803
5259523
5260542
5287477
5288817
5321950
5352289
5352301
5354214
5354319
5354405
5355400
5355510
5356572
5356697
5356711
5359772
5364628
5364752
5364919
5364920
5365091
5365792
5366204
5366216
5366227
5366228
5366239
5366266
5379291
5379930
5386777
5462719
5463044
5463045
5463052
5463053
5463063
5463064
5463308
5463339
5463474
5463824
5464246
5475942
5477177
5483709
5486000
5486001
5489174
5490231
5490335
5743240
5743496
5772786
5860295
5986428
6028462
6143515
6197972
6243831
6243832
6253904
6289391
6304964
6312683
6327114
6328071
6328134
6328184
6330187
6335208
6335925
6336403
6336526
6337183
6338607
6365072
6365138
6365191
6365480
6365821
6371571
6380061
6393046
6397554