285
286
1056
1390
1672
2155
2906
3406
5139
5971
6595
6598
6599
7283
7292
7293
7304
7894
7898
7901
7902
7903
8060
8061
8062
8068
8069
8070
8072
8083
8453
8454
9023
9263
9740
9773
9848
9891
9994
10005
10043
10113
10449
10798
10927
10929
10979
11011
11190
11253
11432
11554
11604
11731
11737
11807
12019
12022
12023
12025
12244
12246
12249
12252
12253
12254
12259
12336
12342
12416
12434
12489
12660
12694
12706
12747
12748
12749
12750
12994
13003
13128
13183
13195
13386
14017
14068
14074
14461
14470
14471
15073
15123
15374
15689
16035
16375
16867
17377
17589
17590
17864
18182
18477
19051
19070
19425
19463
19469
19909
20120
20467
20553
20648
20678
20750
20792
20912
21412
22060
22129
22208
22459
22686
23010
23272
23577
24308
25128
25418
25713
25799
25833
25868
26107
27135
27492
27524
27827
27871
27909
27946
28660
29339
29422
29544
29935
30486
31173
31374
31877
32196
33993
34480
35605
36618
37985
38329
39661
43683
44946
47893
51283
53145
55649
61032
61033
61136
61149
61157
61236
61237
61274
61277
61929
62609
65020
65066
65401
66053
66071
66354
66773
66776
66970
66971
67164
67520
67630
67710
67897
68159
68160
68161
68294
68424
68964
68986
69025
69026
69221
69222
69365
69403
69592
69656
69657
69663
69811
69816
70103
70231
70253
70255
70452
70698
70699
70713
70922
72885
73561
73702
73904
73948
73949
74170
74561
75082
75161
75263
75579
75743
76008
76121
76319
76429
76430
76849
77022
77049
77064
77129
77305
77736
77754
77925
77988
78035
78148
78224
78486
78618
78875
78947
79088
79833
79840
79882
79890
79982
80005
80376
80511
80519
81151
81265
81643
81890
81922
81934
82140
82459
83385
83791
84134
84227
84552
84591
85450
86030
86049
86778
87961
88022
88318
88398
88689
89342
89354
89675
90422
90467
90498
90581
91550
92243
92463
92935
92975
93064
93083
94114
94220
94301
94385
94451
94811
95102
95710
95866
96098
96125
96148
96412
96917
97373
97431
97632
97697
98210
98294
98586
99297
99453
100204
100435
101118
101426
101883
103834
104822
105035
107273
107299
107584
107791
107792
107853
108022
108850
110939
111026
112105
115341
117818
118158
118699
119111
119218
119708
120084
120280
120317
122488
122953
123047
123118
123366
123411
123458
123510
124159
124550
125667
126706
128851
134201
134589
134617
134633
134784
136121
136177
136262
136310
136311
136334
136355
136362
136441
136442
136483
136499
136500
136589
136639
136705
137026
137034
137105
137591
137674
137783
137909
137980
138107
138191
138216
138231
138591
138661
138931
139000
139963
140019
140060
140072
140119
140123
140124
140155
140370
140449
140560
140624
140926
140999
141114
141137
141139
141318
141371
141829
141992
142102
142199
142487
142604
142930
143827
143946
144312
144599
144600
144844
144853
145078
145434
145529
145700
146525
147150
147248
148011
148027
148401
148589
148599
148643
148716
148821
150844
151203
151229
151258
151267
151411
151477
151497
151691
152014
152160
152174
152978
153118
153119
153250
154085
154476
155276
158058
161728
161853
164269
164401
164688
164728
165347
165571
165886
166786
166921
167773
167979
170039
170254
170745
174632
174634
174875
177171
177755
179349
180069
181737
184321
185204
185489
185682
186114
186832
186833
186834
188174
190550
192737
192748
192802
193275
193276
193914
198423
206611
214264
214453
220705
223579
225029
226831
230867
233208
233589
233916
236167
236236
238663
239787
243517
243518
243858
244258
244725
245975
246911
248238
249852
249893
254129
256004
256005
258400
261957
265465
266161
266330
268118
269268
270351
272983
274324
275440
276123
280846
280849
282741
283357
283422
285648
287364
287983
290274
294142
300147
300148
300540
300977
304376
305560
316289
316890
321357
323177
336686
337430
344883
350287
350517
350536
350667
351317
352114
354967
355841
358305
371732
407038
407223
407726
408105
408223
408546
409746
411836
412231
413644
413699
414430
414709
415118
415182
415736
416883
417465
417709
418996
419147
419193
419293
419476
420423
422254
423072
426210
426233
426399
426576
427606
427617
429510
430098
430102
430168
431148
431613
431751
432418
432774
433791
433941
434457
434994
440902
440932
444235
444939
444952
445317
446080
446769
448524
450536
450551
450554
450560
450607
458415
458420
498386
498430
498457
498463
498650
504310
517708
517710
519239
519271
519802
519939
520075
520730
520780
520808
521040
521053
521151
521282
521982
522239
522598
522918
526661
528411
533428
533456
533480
533488
533741
533840
533854
533867
533882
533977
534011
534012
535479
535514
535545
535634
535651
535660
535682
535722
535770
536422
536661
541483
541728
541737
541740
541874
542407
542409
542420
542451
542681
544573
544729
544792
544812
546059
546078
546089
547690
547724
547873
547943
548001
548032
548386
548690
548839
549273
549274
549780
550376
550654
550695
554060
554653
556888
557463
558087
558092
558341
558447
558519
558521
559542
564914
566751
568508
572726
578584
579339
582251
584568
593015
593034
606522
637539
637919
637930
637969
640543
643447
643755
643777
1201386
1201387
1201443
1239830
1416277
1494280
1502063
1519351
1519352
1519487
1530235
1530236
1549629
1549722
1550842
1551036
1551221
1713861
1715062
1809800
1810216
2060564
2317231
2723631
2723650
2723699
2723755
2723802
2723853
2723856
2724189
2724272
2733093
2733223
2733318
2733587
2733874
2734533
2756396
2758248
2758304
2758356
2759163
2759337
2763196
2763218
2763904
2769490
2771549
2772094
2773261
2773328
2773468
2775267
2777907
2777982
2782238
2782242
2782252
2782321
2782378
2794263
2795125
2795198
3000646
3003204
3014370
3015150
3015563
3015914
3016733
3017661
3018164
3018298
3018801
3019751
3026227
3027946
3030547
3032338
3032339
3032569
3032953
3032954
3033833
3033999
3034069
3034185
3034190
3034192
3034302
3034333
3034518
3036306
3036833
3037098
3038437
3045270
3050621
3051052
3056927
3064698
3064700
3086470
3258372
3268997
3278982
3296681
3301780
3323060
3324637
3330102
3332061
3362872
3365553
3382277
3390911
3396578
3403352
3421014
3424444
3448911
3451792
3452892
3468241
3478594
3495049
3499841
3503247
3513852
3527361
3532561
3566770
3576832
3613496
3613851
3614086
3614351
3614381
3614603
3616944
3618611
3648423
3661292
3674451
3718288
3744426
3744427
3744783
3744989
3775898
3781742
3809134
3825723
3842618
3844163
3848779
3852893
3862248
3927698
3956071
3958041
3960878
4047279
4054588
4056230
4057011
4071244
4077086
4079826
4079827
4092053
4110684
4111803
4112252
4124311
4136188
4139004
4145140
4166652
4174774
4176844
4205685
4205890
4221546
4223055
4251457
4253576
4255957
4317968
4332941
4340508
4347855
4361833
4394752
4401340
4418021
4472117
4516283
4555395
4573884
4594255
4659740
4678317
4689313
4712056
4713146
4713147
4713149
4713150
4713157
4713214
4713216
4713220
4755801
4850116
4850117
4868137
4868285
4961519
4985511
4989215
5020115
5048191
5051794
5058831
5077060
5077960
5085352
5098454
5103412
5105983
5136078
5148019
5150769
5150855
5152115
5155927
5159796
5200358
5204798
5222844
5231629
5231957
5232652
5233127
5242433
5242570
5242906
5243295
5245512
5245671
5246236
5247100
5248048
5248352
5248353
5249138
5249289
5249496
5249682
5251137
5252245
5254862
5255485
5256134
5256135
5257626
5257678
5257757
5259295
5260531
5273583
5287669
5288980
5289473
5311095
5324275
5324276
5324277
5324278
5324282
5324707
5324713
5324720
5325263
5354487
5354753
5355146
5355732
5359798
5362647
5362758
5362943
5362945
5363077
5363080
5364235
5364328
5364360
5365286
5365304
5365379
5366201
5367989
5369329
5380679
5383997
5385799
5388579
5461996
5462732
5463056
5463109
5463365
5464082
5464215
5466565
5466580
5466583
5466596
5466603
5466611
5473392
5473881
5473922
5474096
5474814
5475469
5475808
5475922
5475994
5476099
5476100
5476108
5476109
5476168
5476298
5476374
5476634
5477122
5478172
5492256
5493920
5496941
5702569
5702635
5709899
5712043
5744934
5785887
5821240
5829639
5848225
5852090
5875452
5876305
5903353
5969593
5984592
5998949
6004184
6007839
6008696
6012777
6028739
6153830
6218929
6218930
6221728
6241415
6258544
6264315
6284479
6287396
6312334
6327443
6327446
6328268
6333448
6337900
6346755
6346791
6346804
6346884
6346891
6346955
6346984
6347023
6347024
6347025
6347135
6347136
6365373
6365712
6370992
6372318
6373819
6391575
6392687
6392956
6394935
6395030
6395081
6395820
6398954
6398990
6399090
6399095
6399213
6412704
6413691
6414026
6415703