6401
6402
6403
6408
6588
6589
6591
6592
6594
7279
7280
7282
7285
7286
7296
7297
7299
7889
7890
7891
7892
7893
8056
8057
8059
8067
8077
8079
8301
8728
9264
9666
9667
9753
9754
9847
10022
10023
10429
10451
10566
10792
10924
10925
10926
10977
11126
11210
11249
11250
11597
11598
11599
11600
11601
11602
11603
11605
11663
11664
11665
11666
11730
11733
11736
12014
12015
12016
12017
12024
12243
12245
12335
12337
12339
12343
12415
12418
12513
12659
12672
12724
12732
12733
12746
12956
12963
12969
12970
12971
12986
12987
13129
13180
13182
13196
13383
13512
13555
13556
13568
13851
14238
14263
14480
15122
15367
15442
15447
15510
15511
15658
15711
15738
15859
15877
16592
16690
16695
16840
17014
17378
18125
18505
18801
18850
18921
19966
20063
20682
21228
21243
21508
21828
22429
23110
24233
24622
24653
25254
25512
25964
28750
28765
30616
30637
31612
33157
33239
33240
33241
33596
33629
34284
34285
34700
35801
36306
37502
37622
39041
39175
39655
41075
41341
50541
55070
55071
55073
55074
61143
61179
61222
61246
61829
62424
62434
66195
66232
66332
66775
67510
67709
67755
67891
67896
67898
67899
67900
68180
68293
68296
69218
69220
69402
69578
69639
69937
70092
70093
70252
70254
70679
70704
71084
71601
73714
73784
74086
74087
74298
74549
75169
75170
75205
75397
75926
76049
77247
78383
78394
78495
79006
79092
79148
79828
81364
81851
81912
82202
82527
82698
82760
84308
84466
84953
85115
85399
85756
86867
87017
89764
89960
90238
92757
92758
93062
93236
93290
95566
98508
98808
101669
101672
102906
110944
112625
114661
115272
117819
117943
118531
120211
122911
123046
123068
123097
123129
123159
123169
123186
123229
123243
123494
123523
134271
134838
135974
135989
136122
136136
136139
136243
136263
136323
136335
136379
136380
136501
136584
136648
136704
136709
136722
136723
136724
137022
137043
137060
137243
137297
137422
137471
137618
137655
137662
137675
137727
137807
137823
137848
137864
137939
137995
138003
138026
138110
138125
138207
138254
138337
138338
138339
138446
138564
138679
138948
139149
139150
139176
139368
139527
139568
139725
139826
139881
139985
140058
140150
140443
140607
140621
140643
140695
140715
140789
140797
140854
140914
141168
141363
141399
141479
141506
141536
141589
141675
141762
141841
142000
142071
142419
142420
142432
142577
142578
142631
142702
142749
142813
142922
143014
143018
143114
143456
143622
143846
143885
143919
144032
144084
144192
144461
144463
144598
144647
144834
144845
145361
145521
146586
147522
148537
148538
154589
154590
155072
157735
161614
170139
171401
172092
182617
182782
188479
188693
193639
209217
210948
219461
219476
222657
223580
227591
245296
252322
263077
273291
280855
287956
301284
301571
303453
312699
312948
352113
368980
417974
448071
450748
474214
474251
474252
474253
474254
516984
518874
518966
518970
519133
519161
519416
519544
519823
520119
520120
520409
520467
520527
520729
521026
521118
521133
521226
521366
521438
521863
522085
522480
522674
522914
523042
524593
524601
524670
525332
525358
525377
525446
525488
526191
529379
529757
529978
533612
534132
534532
534920
536199
542837
542850
543062
543791
544256
544364
544898
548266
548348
548353
548366
548387
548444
548847
548848
548850
549222
549554
549585
549703
549878
550355
555085
556174
556370
556371
557081
557683
558985
559083
560072
560567
560584
560589
560732
564464
565982
566078
566834
567830
567880
578838
583854
583856
583951
592798
592959
593529
601323
601529
602958
607998
613340
628932
637892
638066
638069
638070
638071
639661
641245
642182
642193
642197
642661
643783
643786
643835
643911
643935
2733241
2734658
2736483
2736814
2763052
2773985
2782310
2782752
2784175
2786940
3013878
3013945
3015636
3030745
3032334
3033841
3083566
3084403
3808023
3969419
4133924
4401609
4549463
4866625
4988164
5150480
5150536
5231325
5235087
5248043
5249331
5250426
5251283
5257129
5259910
5259911
5326156
5326159
5352184
5354994
5360385
5362822
5364338
5364359
5364390
5364459
5364818
5364847
5365552
5365553
5365559
5365694
5365840
5365903
5365904
5365942
5365943
5366552
5366899
5367222
5367317
5367401
5367402
5367404
5367413
5367415
5367417
5367513
5367925
5368102
5368103
5368141
5370144
5370145
5370886
5370978
5371952
5372603
5374613
5378861
5379390
5462545
5462879
5462887
5462927
5462928
5462987
5463000
5463112
5463113
5463145
5463151
5463194
5463207
5463208
5463222
5463223
5463264
5463369
5463437
5463511
5463731
5463735
5463740
5463821
5464167
5464552
5466664
5475961
5483982
5484152
5485152
5487815
5702528
5843333
6110173
6145523
6164465
6284209
6314445
6337167
6365375
6383131
6385313
6392627
6396515