33
34
226
276
280
1031
1322
3024
4113
5976
6061
6332
6334
6335
6337
6339
6340
6341
6343
6345
6346
6358
6359
6361
6362
6364
6365
6366
6367
6368
6369
6370
6372
6374
6375
6377
7840
7841
7842
7844
7845
7846
7848
7849
7850
7851
7852
7853
7854
7856
7857
7859
7860
7861
7863
7864
7865
8254
8255
9251
9550
9620
9622
9623
9737
9867
9996
9997
9998
10037
10038
10039
10040
10419
10420
10421
10476
10477
10478
10482
10483
10897
10898
10899
10900
10901
10902
10903
11166
11167
11168
11199
11201
11202
11203
11204
11533
11534
11535
11536
11537
11641
11642
11643
11644
11647
11652
11653
11654
11655
11657
12219
12220
12221
12222
12223
12224
12225
12226
12227
12228
12229
12230
12231
12232
12720
12982
12983
13367
13369
14055
14072
14073
14232
14841
15153
15373
16916
17140
17775
18199
18592
19660
24227
24427
24753
25020
27970
29062
31254
31296
32759
33643
33645
37017
37987
61108
61169
61170
61194
61280
62407
62472
62540
62695
66051
66293
67171
68026
68047
68048
68407
68408
68531
68975
68976
68980
68981
68982
68983
69356
69357
69493
69607
69804
69828
69936
69958
69972
70075
70695
70899
71583
75151
75344
75408
75720
77775
77879
78022
78037
78082
78958
79015
79056
79057
79058
79079
79124
80245
80260
81125
81631
81879
83093
87251
94671
101752
102138
102348
105131
108081
115287
117859
119237
119388
119415
119440
122029
122370
123092
123093
123122
123124
123131
123136
123144
123145
123151
123157
123162
123173
123182
123193
123208
123214
123241
123255
123293
123361
123404
123421
123441
123554
124984
124985
134444
134462
135973
136129
136329
136338
136381
136382
136437
136438
136439
136471
136491
136492
136565
136634
136699
136700
136860
136879
137009
137033
137036
137051
137052
137088
137103
137158
137159
137199
137201
137238
137241
137279
137284
137298
137452
137455
137518
137539
137553
137558
137616
137617
137640
137656
137670
137718
137747
137750
137751
137767
137768
137779
137797
137849
137872
137889
137989
137998
138083
138112
138122
138234
138291
138305
138343
138345
138350
138398
138404
138595
138635
138641
138663
138665
138749
138762
138769
138777
138818
138822
138831
138861
138893
138918
138930
139075
139078
139101
139110
139111
139148
139183
139331
139351
139353
139366
139376
139408
139571
139629
139747
139776
139898
139982
140098
140104
140154
140164
140170
140259
140260
140368
140488
140542
140625
140746
141098
141187
141229
141230
141246
141288
141448
141453
141471
141472
141483
141509
141769
141910
141936
142072
142304
142407
142476
142556
142557
142649
142812
142902
142912
142921
143049
143157
143188
143500
143538
143550
143773
143777
143780
144069
144120
144133
144586
144633
144653
144673
144870
144880
144979
144982
145105
145435
145446
145524
145562
145615
145616
148216
151080
151211
152172
152247
154994
156426
156654
157107
158606
159017
159843
159844
160435
160586
164111
164602
164700
164769
165634
166614
167497
167559
169730
171610
174606
177071
182030
182031
182180
186632
187872
188813
189671
189691
191105
191992
198669
198676
239041
265520
314937
319535
330866
422830
428293
429379
438531
438599
444066
444693
445391
446921
447710
447926
449520
450346
450347
450348
450349
450528
450529
450533
450726
450732
451202
451242
451244
451245
451250
451252
451253
451258
451259
451261
451262
451264
451265
451266
451287
451291
451298
451305
451306
451313
451315
499614
517868
518729
518944
519011
519139
519335
519451
519457
519476
520257
520349
520960
521081
521180
521459
521720
522059
522220
522391
522583
522851
522882
525423
533410
534107
535475
535535
535674
537979
542539
548215
548463
549078
552085
605286
611832
634984
635398
636363
637929
638186
639660
641811
643776
643833
643834
643972
644096
644118
2723902
2723903
2723967
2723972
2723980
2724134
2724139
2724853
2733136
2733137
2733139
2775155
2782256
2784200
3001860
3005587
3029326
3032805
3036307
3036308
3036388
3037131
3063606
3084408
3252469
3260420
3346050
3364502
3371857
3396560
3415867
3427831
3483736
3613247
3614646
3614769
3716201
3732650
3736175
3736707
3753457
3762842
3763155
3763251
3782034
3791126
3799953
3810278
3810857
3843063
3870744
3974395
4048995
4067665
4208627
4214230
4272803
4300978
4303252
4318155
4346655
4361793
4364299
4369525
4369526
4440922
4471892
4474585
4541487
4610720
4639902
4670858
4713037
4713099
4713115
4713116
4713212
4713218
5053848
5059686
5063660
5124415
5150143
5151333
5151983
5153084
5179949
5180441
5180888
5188692
5210231
5231230
5231604
5231605
5231666
5231793
5231794
5242187
5246501
5248676
5250065
5251062
5251164
5255065
5255105
5255251
5256157
5256651
5259862
5260164
5284364
5287405
5287573
5289472
5324279
5326315
5354577
5356914
5359261
5359702
5360833
5364380
5365472
5365501
5366351
5367499
5369186
5374595
5375480
5378000
5378102
5383435
5383716
5383992
5384413
5384683
5462091
5462534
5462544
5462921
5463030
5463043
5463203
5463330
5463331
5463341
5463525
5463526
5464093
5474206
5474904
5475562
5475618
5475782
5475825
5476106
5476576
5477372
5477619
5478422
5478547
5484151
5484442
5489100
5490424
5491022
5491652
5492026
5493921
5493930
5496940
5709597
5806800
6066279
6295728
6311349
6327580
6327616
6327637
6329044
6369390
6372308
6397021