4
1647
2146
2365
3727
4353
5126
5142
5196
5240
6226
6227
6278
6382
6383
6384
6386
6387
6388
6389
6390
6391
6392
6393
6553
6554
6555
6557
6559
6560
6561
6562
6563
6564
6565
6566
6568
6569
6570
6571
6572
6573
6574
6576
6577
6578
6580
6582
6584
6585
6586
7834
8001
8002
8004
8005
8006
8007
8008
8009
8010
8011
8012
8013
8014
8015
8016
8017
8018
8019
8020
8021
8022
8023
8024
8025
8026
8028
8030
8300
8881
8882
9000
9086
9088
9101
9254
9255
9257
9258
9609
9624
9625
9626
9662
9663
9664
9665
9868
9889
9890
10019
10418
10443
10444
10485
10486
10552
10553
10554
10555
10556
10557
10558
10559
10560
10962
10963
10964
10965
10966
10967
10968
11182
11205
11206
11207
11208
11239
11240
11241
11242
11243
11244
11245
11587
11588
11589
11658
11659
11660
11712
11713
11714
11715
11716
11717
11718
11719
11721
11722
11723
11724
11725
12308
12309
12310
12311
12312
12313
12314
12315
12316
12317
12319
12320
12321
12542
12585
12586
12671
12691
12692
12961
12962
12991
13002
13140
13517
13565
13566
13586
13818
14262
14496
15018
15112
15157
15194
15246
15301
15380
15570
15586
16239
16565
16843
16908
17020
17352
17567
17576
17772
18175
18176
18177
18200
18223
18523
18588
18617
18632
18684
19310
19530
19754
20024
20138
20526
20652
20662
20836
20837
20910
20913
20970
21004
21241
21483
21843
22238
23374
24726
24874
24883
25188
25747
26888
26969
28311
28961
29580
29596
29740
30201
30443
30447
30536
30555
30664
30926
31297
31368
31369
31370
33035
33173
33184
33436
34075
35602
35945
36652
36859
36872
39607
40173
40555
40677
42007
43369
44250
50540
51602
52161
52789
55004
55061
60586
61147
61148
61195
61217
61239
61245
62204
62323
62324
65092
65582
66222
66282
66961
66962
67180
67515
67516
67517
67518
67519
67699
67707
67708
67754
67895
67936
67937
68041
68042
68155
68156
68157
68323
68423
68984
69018
69019
69020
69022
69389
69390
69391
69392
69393
69430
69431
69609
69610
69632
69633
69794
70197
70198
70477
70712
70933
70934
72879
73750
73894
74202
74410
74442
74529
74690
74768
74857
74970
75328
75544
75644
75645
75646
75990
76141
76218
76396
76755
76768
76777
77013
77094
77197
77312
78077
78110
78225
78338
78485
78579
78702
78763
78925
78937
78967
78985
79004
79005
79045
79084
79116
79118
79121
79136
79637
79757
79981
80013
80053
80056
80076
80286
80290
80295
80307
80308
80320
80668
80931
80972
81363
81503
81801
81921
82532
82948
83086
83191
83226
84150
84629
84682
85157
85257
85400
86520
87134
87697
88211
89602
89990
91563
91594
92162
92286
92818
93174
93187
94912
95200
96160
97428
97436
98560
99295
100800
101445
101671
102545
102832
102921
106180
106181
108603
111290
115197
117540
117788
117914
118115
119391
119521
120219
120269
120512
121148
122414
123114
123119
123149
123160
123165
123167
123225
123234
123235
123248
123388
123398
123455
123540
123582
124777
127602
127890
134627
134919
135440
136153
136186
136187
136259
136260
136272
136273
136274
136333
136378
136395
136396
136397
136447
136461
136497
136498
136567
136583
136721
136781
136789
136875
136880
136926
137031
137067
137090
137168
137208
137242
137277
137278
137286
137290
137443
137456
137498
137506
137540
137615
137678
137740
137830
137863
137868
138040
138050
138070
138076
138155
138156
138194
138198
138256
138303
138374
138385
138389
138425
138559
138562
138600
138633
138657
138658
138743
138823
138836
138850
138935
139120
139187
139193
139338
139403
139404
139576
139643
139689
139726
139746
139787
139872
139888
140286
140378
140395
140404
140405
140447
140467
140538
140674
140799
140834
140876
140920
141034
141112
141478
141507
141673
141680
141691
141838
142010
142039
142119
142194
142473
142629
142795
142796
142872
142966
142983
143035
143092
143139
143322
143400
143422
143447
143580
143594
143595
143693
143783
143854
144430
144534
144669
144740
144867
144878
145198
145265
145406
145610
145617
145786
145856
146418
146522
147543
148572
148676
148896
149201
149428
150183
150482
150515
150783
150876
151404
151424
151861
151872
152368
152925
154875
155622
155623
156004
156425
156449
157709
159857
160470
160542
161110
161475
164579
164698
164873
165141
165845
166540
166854
167874
169286
169969
171010
171518
173032
173173
174017
176942
177067
177069
177767
177768
177804
179359
179360
180613
181496
181530
181742
181880
182247
185357
185358
185794
188982
189561
190026
190083
190491
192801
193565
196996
197031
197063
199689
202180
202285
204804
207040
209219
222465
227244
235121
247762
252321
252504
263074
265654
273287
277298
283519
284532
298631
318170
329397
336663
348860
350624
357785
358915
407849
411840
412910
413676
415117
416226
418556
420841
421670
428417
428951
429722
431245
435496
441491
443732
444090
444683
445729
445768
445869
446062
446260
446628
447246
447466
447820
448105
448397
449072
450531
450532
450553
450629
450656
450684
450697
450719
450974
451243
451251
451267
451288
451295
451309
451321
462074
498389
498634
504313
517622
517695
517954
518964
519076
519093
519225
519840
520144
520642
520861
520980
521131
521153
521812
521880
521888
522190
522280
522387
522597
522708
522868
524190
524191
525331
525424
525458
525462
525497
526060
527448
529072
529315
533460
533475
533476
533497
533506
533610
533618
533706
533963
535207
535486
535659
536683
542142
542706
542714
542733
542763
542834
542835
542836
543010
543011
543014
543216
543257
543741
544545
544638
548183
548976
551655
552170
552405
554365
554404
554969
555020
557196
559395
559537
559567
560338
560790
565116
565560
567393
572559
574430
575679
576109
579992
583465
588440
598725
602749
634983
637532
637914
637915
637921
637922
637923
638083
638102
641045
641236
643770
643774
643775
643785
643788
643789
643873
643950
1514290
1516505
1516506
1551059
1796465
2723703
2723704
2723765
2723789
2723794
2723803
2723970
2723971
2724450
2724537
2724590
2733134
2733420
2736027
2736499
2737095
2737115
2756862
2758008
2760628
2763032
2763048
2763219
2768918
2768923
2778993
2784062
2784152
2784176
2784194
2784615
2785195
2786941
2793758
2841573
3000712
3001858
3013860
3014186
3014623
3014644
3015637
3015717
3015930
3016872
3017470
3030914
3032160
3032483
3034616
3035139
3036756
3037352
3054073
3056929
3059065
3080593
3080609
3080681
3082245
3083877
3084535
3084680
3264661
3300274
3316605
3354244
3429482
3449993
3477375
3481477
3490527
3562756
3566445
3573515
3594982
3603542
3604304
3611394
3613359
3614358
3614750
3664836
3673436
3692773
3698251
3708920
3720077
3720078
3739050
3759221
3793118
3807334
3811882
3813758
3826162
3827233
3833565
3833866
3931953
3937107
4030255
4152891
4156003
4160239
4182947
4183881
4192173
4259816
4334524
4379928
4426497
4428096
4434133
4485752
4492537
4532218
4537779
4553576
4557599
4574913
4585885
4594639
4611330
4631415
4640940
4643228
4650300
4688917
4712700
4713088
4713089
4713208
4713209
4713210
4713219
4829188
4961818
4995032
5023702
5094106
5127457
5129899
5152804
5162451
5201028
5231208
5231277
5231397
5231543
5231663
5232360
5232506
5232593
5232715
5232716
5234718
5244316
5247031
5247073
5247113
5249055
5250464
5250518
5250547
5250549
5252226
5252227
5256167
5256168
5256172
5256586
5256658
5257127
5257548
5257720
5257731
5257886
5259960
5280970
5280971
5284414
5288099
5289142
5311048
5323715
5326160
5326161
5326560
5326750
5326852
5326932
5353948
5354843
5357482
5358642
5359329
5360054
5360117
5360266
5360641
5360664
5362463
5362818
5362846
5362914
5362947
5364225
5364314
5364315
5364337
5364387
5364400
5364401
5364544
5364761
5364901
5366282
5366870
5369146
5370055
5370463
5372670
5378242
5379427
5379978
5380665
5384095
5388671
5459365
5462718
5462923
5463008
5463022
5463039
5463105
5463114
5463237
5463318
5463459
5463507
5463730
5463732
5464216
5464527
5464561
5464603
5467813
5473924
5474662
5475044
5475608
5475913
5475931
5475964
5475976
5476107
5476688
5478912
5483212
5483785
5484050
5484109
5484406
5485522
5485717
5487681
5488081
5488476
5489517
5743229
5746199
5748355
5872913
6285492
6285579
6299372
6327131
6327456
6327592
6327595
6327632
6327900
6332760
6346752
6365071
6365073
6365380
6365405
6367115
6367116
6368076
6380194
6383097
6393503
6393938
6393992
6394720
6394810
6396768
6397160
6397209
6397753
6397797
6398205